{"nbformat":4,"nbformat_minor":0,"metadata":{"kernelspec":{"display_name":"Python 3","language":"python","name":"python3"},"language_info":{"codemirror_mode":{"name":"ipython","version":3},"file_extension":".py","mimetype":"text/x-python","name":"python","nbconvert_exporter":"python","pygments_lexer":"ipython3","version":"3.7.6"},"colab":{"name":"BartoszSzar-MOwNiT-lab10.ipynb","provenance":[],"collapsed_sections":[]}},"cells":[{"cell_type":"markdown","metadata":{"id":"LJtMhX3yyJHy","colab_type":"text"},"source":["#  Rozwiązywanie układu równań liniowych metodami rozkładu LU\n","\n","Podaj zasadę działania metod opartych o dekompozycję LU.\n","\n","## Zadanie 1\n","\n","Zaimplementuj metody rozkładu LU:\n","- Rozkład Crouta \n","- Rozkład Doolitla\n","- Rozkład Choleskyego\n","\n","Dla każdej z metod podaj warunki niezbędne aby można ją było zastosować. Sprawdź poprawność działania tych metod.\n","Przetestuj wydajność algorytmów dla kilku rozmiarów macierzy (podobnie jak w ćwiczeniu 9)"]},{"cell_type":"markdown","metadata":{"id":"5pPI9X47Q-V1","colab_type":"text"},"source":["**dekompozycja LU** - metoda rozwiązywania układu równań liniowych - nazwa metody wywodzi się od używanych w tej metodzie dwóch macierzy trójkątnych, tj. trójkątnej dolnej i trójkątnej górnej\n","\n","**zasada działania:**\n","mając dany układ równań $A * x = y$, gdzie $A$ jest macierzą współczynników, $x$ - wektorem niewiadomych, a $y$ - wektorem danych, zapisujemy macierz współczynników jako iloczyn dóch macierzy trójkątnych $L$ i $U$ - $A = L * U$\n","wówczas układ równań przyjmuje postać $L * U * x = y$, a jego roziwązanie sprowadza się do rozwiązania dwóch układów równań:\n","$L * z = y$ oraz $U * x = z$"]},{"cell_type":"markdown","metadata":{"id":"98ame3ysTLQl","colab_type":"text"},"source":["**metoda Crouta**\n","- diagonala macierzy $U$ wypełniona jest 1"]},{"cell_type":"code","metadata":{"id":"lpcH30soyJHz","colab_type":"code","colab":{}},"source":["def crout(A):\n","    n = len(A)\n","    L = [[0] * n for i in range(n)]\n","    U = [[0] * n for i in range(n)]\n","\n","    for j in range(n):\n","        U[j][j] = 1\n","        for i in range(j, n):\n","            tmp_l = float(A[i][j])\n","            for k in range(j):\n","                tmp_l -= L[i][k] * U[k][j]\n","            L[i][j] = tmp_l\n","        for i in range(j + 1, n):\n","            tmp_u = float(A[j][i])\n","            for k in range(j):\n","                tmp_u -= L[j][k] * U[k][i]\n","            if int(L[j][j]) == 0:\n","                raise ZeroDivisionError('attempted to divide by 0')\n","            U[j][i] = tmp_u / L[j][j]\n","    return L, U\n"],"execution_count":0,"outputs":[]},{"cell_type":"markdown","metadata":{"id":"ptzirCKLUCE6","colab_type":"text"},"source":["**metoda Doolittla**\n","- diagonala macierzy $L$ wypełniona jest 1"]},{"cell_type":"code","metadata":{"id":"A2JPI8b5ULTy","colab_type":"code","colab":{}},"source":["def doolittle(A):\n","    n = len(A)\n","    L = [[0] * n for i in range(n)]\n","    U = [[0] * n for i in range(n)]\n","\n","    for i in range(n):\n","        L[i][i] = 1\n","\n","        for k in range(i, n):\n","            sum = 0\n","            for j in range(i):\n","                sum += (L[i][j] * U[j][k])\n","\n","            U[i][k] = A[i][k] - sum\n","\n","        for k in range(i, n):\n","            sum = 0\n","            for j in range(i):\n","                sum += (L[k][j] * U[j][i])\n","\n","            L[k][i] = (A[k][i] - sum) / U[i][i]\n","\n","    return L, U"],"execution_count":0,"outputs":[]},{"cell_type":"markdown","metadata":{"id":"ojiNJSQ8UVQS","colab_type":"text"},"source":["**metoda Choleskyego**\n","- macierz A musi być wypełniona liczbami rzeczywistymi\n","- macierz A musi być symetyczna, czyli $A^{T} = A$\n","- macierz A musi być oddatnio określona, czyli $x^{T}Ax > 0$ dla każdego wektora x"]},{"cell_type":"code","metadata":{"id":"3Yb9lsEMVSUN","colab_type":"code","colab":{}},"source":["from math import sqrt\n","import numpy as np\n","\n","def cholesky(A):\n","    n = len(A)\n","    L = [[0] * n for i in range(n)]\n","\n","    for i in range(n):\n","        for k in range(i + 1):\n","            tmp_sum = sum(L[i][j] * L[k][j] for j in range(k))\n","\n","            if i == k:\n","                L[i][k] = sqrt(A[i][i] - tmp_sum)\n","            else:\n","                L[i][k] = (1.0 / L[k][k] * (A[i][k] - tmp_sum))\n","    return L, np.array(L).transpose()"],"execution_count":0,"outputs":[]},{"cell_type":"markdown","metadata":{"id":"Ez9Gb3byWqPS","colab_type":"text"},"source":["**sprawdzenie poprawności** - sprawdzam działanie dla macierzy o rozmiarze 4x4, wypełnionej w taki sposób by spełniała wymagania dla zastosowania każdej z metod"]},{"cell_type":"code","metadata":{"id":"TVBCRYYUV5JU","colab_type":"code","colab":{}},"source":["def decompose_and_solve(A, Y, method):\n","    L, U = method(A)\n","    z = np.linalg.solve(L, Y)\n","    x = np.linalg.solve(U, z)\n","    return x\n","\n","def random_matrix(min, max, cols, rows):\n","    return np.random.randint(low=min, high=max + 1, size=(rows, cols))\n","\n","def symetric_positive_matrix(min, max, cols, rows):\n","    A = random_matrix(min, max, cols, rows)\n","    B = np.dot(A, A.transpose())\n","    return (B + B.T) / 2\n","\n","def print_matrix(A):\n","    for i in A:\n","        print(i)"],"execution_count":0,"outputs":[]},{"cell_type":"code","metadata":{"id":"GNzRm-VPV1Ud","colab_type":"code","colab":{"base_uri":"https://localhost:8080/","height":1000},"outputId":"e89b6482-7d8a-44f8-c58a-2e24de2ecb92","executionInfo":{"status":"ok","timestamp":1589318506943,"user_tz":-120,"elapsed":967,"user":{"displayName":"Bartosz Szar","photoUrl":"https://lh3.googleusercontent.com/a-/AOh14GgYC9pmFBHy9GC0DJDJO_ANkEr3Xn39polF-D-i3A=s64","userId":"04825025958972097852"}}},"source":["A = symetric_positive_matrix(4, 12, 4, 4)\n","Y = create_rand_vector(4, 12, 4)\n","L_crout, U_crout = crout(A)\n","L_doolittle, U_doolittle = doolittle(A)\n","L_cholesky, U_cholesky = cholesky(A)\n","\n","A_crout = np.matmul(L_crout, U_crout)\n","A_doolittle = np.matmul(L_doolittle, U_doolittle)\n","A_cholesky = np.matmul(L_cholesky, U_cholesky)\n","\n","print(\"macierz A:\")\n","print_matrix(A)\n","print(\"\\nrozkład Crouta:\")\n","print(\"macierz L:\")\n","print_matrix(L_crout)\n","print(\"macierz U:\")\n","print_matrix(U_crout)\n","print(\"wektor x:\")\n","print(decompose_and_solve(A, Y, crout))\n","print(\"L * U:\")\n","print_matrix(A_crout)\n","\n","print(\"\\nrozkład Doolittla:\")\n","print(\"macierz L:\")\n","print_matrix(L_doolittle)\n","print(\"macierz U:\")\n","print_matrix(U_doolittle)\n","print(\"wektor x:\")\n","print(decompose_and_solve(A, Y, doolittle))\n","print(\"L * U:\")\n","print_matrix(A_doolittle)\n","\n","print(\"\\nrozkład Choleskyego:\")\n","print(\"macierz L:\")\n","print_matrix(L_cholesky)\n","print(\"macierz U:\")\n","print_matrix(U_cholesky)\n","print(\"wektor x\")\n","print(decompose_and_solve(A, Y, cholesky))\n","print(\"L * U:\")\n","print_matrix(A_cholesky)"],"execution_count":60,"outputs":[{"output_type":"stream","text":["macierz A:\n","[282. 220. 216. 286.]\n","[220. 233. 208. 237.]\n","[216. 208. 201. 226.]\n","[286. 237. 226. 319.]\n","\n","rozkład Crouta:\n","macierz L:\n","[282.0, 0, 0, 0]\n","[220.0, 61.36879432624113, 0, 0]\n","[216.0, 39.48936170212767, 10.142725066450922, 0]\n","[286.0, 13.879432624113463, -1.9949150583612418, 25.41186122030423]\n","macierz U:\n","[1, 0.7801418439716312, 0.7659574468085106, 1.0141843971631206]\n","[0, 1, 0.6434762510112102, 0.2261643360684154]\n","[0, 0, 1, -0.19668432746539175]\n","[0, 0, 0, 1]\n","wektor x:\n","[-0.06660264  0.03129035  0.15618005 -0.05537351]\n","L * U:\n","[282. 220. 216. 286.]\n","[220. 233. 208. 237.]\n","[216. 208. 201. 226.]\n","[286. 237. 226. 319.]\n","\n","rozkład Doolittla:\n","macierz L:\n","[1.0, 0, 0, 0]\n","[0.7801418439716312, 1.0, 0, 0]\n","[0.7659574468085106, 0.6434762510112102, 1.0, 0]\n","[1.0141843971631206, 0.2261643360684154, -0.1966843274653922, 1.0]\n","macierz U:\n","[282.0, 220.0, 216.0, 286.0]\n","[0, 61.36879432624113, 39.48936170212767, 13.879432624113463]\n","[0, 0, 10.142725066450907, -1.9949150583612436]\n","[0, 0, 0, 25.411861220304274]\n","wektor x:\n","[-0.06660264  0.03129035  0.15618005 -0.05537351]\n","L * U:\n","[282. 220. 216. 286.]\n","[220. 233. 208. 237.]\n","[216. 208. 201. 226.]\n","[286. 237. 226. 319.]\n","\n","rozkład Choleskyego:\n","macierz L:\n","[16.792855623746664, 0, 0, 0]\n","[13.1008093518591, 7.833823735969629, 0, 0]\n","[12.862612818188936, 5.040879528704367, 3.1847645229201698, 0]\n","[17.03105215741683, 1.7717315441225674, -0.6263932683261925, 5.0410178754200246]\n","macierz U:\n","[16.79285562 13.10080935 12.86261282 17.03105216]\n","[0.         7.83382374 5.04087953 1.77173154]\n","[ 0.          0.          3.18476452 -0.62639327]\n","[0.         0.         0.         5.04101788]\n","wektor x\n","[-0.06660264  0.03129035  0.15618005 -0.05537351]\n","L * U:\n","[282. 220. 216. 286.]\n","[220. 233. 208. 237.]\n","[216. 208. 201. 226.]\n","[286. 237. 226. 319.]\n"],"name":"stdout"}]},{"cell_type":"markdown","metadata":{"id":"jO5mYLK-rsUT","colab_type":"text"},"source":["**przetestowanie wydajnośći** - testuję wydajność mierząc czasy faktoryzacji LU dla każdej z 3 wcześniej zaimplementowanych metod, poza środowiskiem jupyter - wykres, oraz wyniki dołączyłem w pliku pdf\n","<br>do wykonania pomiarów wykorzystąłem poniższy kod:"]},{"cell_type":"code","metadata":{"id":"6G_t0Kps9bgZ","colab_type":"code","colab":{}},"source":["import time\n","from math import sqrt\n","from random import randrange\n","import numpy as np\n","import matplotlib.pyplot as plt\n","\n","\n","def random_matrix(low, high, n):\n","    A = np.random.randint(low, high, size=(n, n))\n","    return np.dot(A, A.transpose()), np.random.randint(low, high, size=(n, 1))\n","\n","\n","def measure_time():\n","    n = randrange(20, 100)\n","    A, b = random_matrix(40, 160, n)\n","\n","    start = time.time()\n","    crout(A)\n","    stop = time.time()\n","    crout_time = stop - start\n","\n","    start = time.time()\n","    doolittle(A)\n","    stop = time.time()\n","    doolittle_time = stop - start\n","\n","    start = time.time()\n","    cholesky(A)\n","    stop = time.time()\n","    cholesky_time = stop - start\n","\n","    return crout_time, doolittle_time, cholesky_time, n\n","\n","\n","if __name__ == '__main__':\n","    crout_tab = []\n","    doolittle_tab = []\n","    cholesky_tab = []\n","    size = []\n","    for i in range(100):\n","        crout_time, doolittle_time, cholesky_time, n = measure_time()\n","        crout_tab.append(crout_time)\n","        doolittle_tab.append(doolittle_time)\n","        cholesky_tab.append(cholesky_time)\n","        size.append(n)\n","\n","    for i in range(100):\n","        f = open(\"file.txt\", \"a\")\n","        f.write(f\"matrix size: {size[i]} \\t crout: {crout_tab[i]}[s] \\t doolittle: {doolittle_tab[i]}[s] \\t cholesky: {cholesky_tab[i]}[s]\"'\\n')\n","        f.close()\n","\n","    plt.plot(size, crout_tab, 'g.', label=\"crout method\")\n","    plt.plot(size, doolittle_tab, 'r.', label=\"doolitle method\")\n","    plt.plot(size, cholesky_tab, 'b.', label=\"cholesky method\")\n","    plt.xlabel(\"matrix size\")\n","    plt.ylabel(\"time[s]\")\n","    plt.title(\"czas faktoryzacji LU\")\n","    plt.legend()\n","    plt.grid(True)\n","    plt.savefig(\"LU\")\n","    plt.show()"],"execution_count":0,"outputs":[]},{"cell_type":"markdown","metadata":{"id":"AhJxXEqYyJH3","colab_type":"text"},"source":["## Zadanie 3\n","Zapoznaj się z funkcją rozwiązywania układów równań liniowych dostarczoną przez bibliotekę numpy/scipy. Porównaj jej wydajność z własnymi implementacjami."]},{"cell_type":"markdown","metadata":{"id":"uUocBLC29hvN","colab_type":"text"},"source":["do wykonania pomiarów wykorzystałem poniższy kod:"]},{"cell_type":"code","metadata":{"id":"XsMbyE8H9u3T","colab_type":"code","colab":{}},"source":["import time\n","from math import sqrt\n","from random import randrange\n","import numpy as np\n","import matplotlib.pyplot as plt\n","import scipy as sc\n","from scipy import linalg\n","\n","\n","def random_matrix(low, high, n):\n","    A = np.random.randint(low, high, size=(n, n))\n","    return np.dot(A, A.transpose()), np.random.randint(low, high, size=(n, 1))\n","\n","\n","def decompose_and_solve(A, Y, method):\n","    L, U = method(A)\n","    z = np.linalg.solve(L, Y)\n","    x = np.linalg.solve(U, z)\n","    return x\n","\n","\n","def measure_time():\n","    n = randrange(20, 100)\n","    A, b = random_matrix(40, 160, n)\n","\n","    start = time.time()\n","    decompose_and_solve(A, b, crout)\n","    stop = time.time()\n","    crout_time = stop - start\n","\n","    start = time.time()\n","    decompose_and_solve(A, b, doolittle)\n","    stop = time.time()\n","    doolittle_time = stop - start\n","\n","    start = time.time()\n","    decompose_and_solve(A, b, cholesky)\n","    stop = time.time()\n","    cholesky_time = stop - start\n","\n","    start = time.time()\n","    np.linalg.solve(A, b)\n","    stop = time.time()\n","    numpy_time = stop - start\n","\n","    start = time.time()\n","    sc.linalg.solve(A, b)\n","    stop = time.time()\n","    scipy_time = stop - start\n","\n","    return crout_time, doolittle_time, cholesky_time, numpy_time, scipy_time, n\n","\n","\n","if __name__ == '__main__':\n","    crout_tab = []\n","    doolittle_tab = []\n","    cholesky_tab = []\n","    numpy_tab = []\n","    scipy_tab = []\n","    size = []\n","    for i in range(100):\n","        crout_time, doolittle_time, cholesky_time, numpy_time, scipy_time, n = measure_time()\n","        crout_tab.append(crout_time)\n","        doolittle_tab.append(doolittle_time)\n","        cholesky_tab.append(cholesky_time)\n","        numpy_tab.append(numpy_time)\n","        scipy_tab.append(scipy_time)\n","        size.append(n)\n","\n","    for i in range(100):\n","        f = open(\"file_2.txt\", \"a\")\n","        f.write(f\"matrix size: {size[i]} \\t crout: {crout_tab[i]}[s] \\t doolittle: {doolittle_tab[i]}[s] \\t cholesky: {cholesky_tab[i]}[s] \\t numpy: {numpy_tab[i]}[s] \\t scipy: {scipy_tab[i]}[s]\"'\\n')\n","        f.close()\n","\n","    plt.plot(size, crout_tab, 'g.', label=\"crout method\")\n","    plt.plot(size, doolittle_tab, 'r.', label=\"doolitle method\")\n","    plt.plot(size, cholesky_tab, 'b.', label=\"cholesky method\")\n","    plt.plot(size, numpy_tab, 'c.', label=\"numpy method\")\n","    plt.plot(size, scipy_tab, 'm.', label=\"scipy method\")\n","    plt.xlabel(\"matrix size\")\n","    plt.ylabel(\"time[s]\")\n","    plt.title(\"czas faktoryzacji LU\")\n","    plt.legend()\n","    plt.grid(True)\n","    plt.savefig(\"LU_2\")\n","    plt.show()"],"execution_count":0,"outputs":[]}]}